%YAML:1.0

camera:
  type: "PINHOLE"

  width: 640
  height: 480
  scaler: 1

  fx: 441.75445886962757
  fy: 441.4523780069923
  cx: 321.2194315612799
  cy: 239.3107648541814

  k1: -0.04020913586144525
  k2: 0.06694483918329086
  d1: -6.28685809454861e-05
  d2: 0.0002594613144265055

Tbc: !!opencv-matrix
  rows: 3
  cols: 4
  dt: d
  data: [0.01271782, -0.99989602, -0.00679749,  0.04065052,
         -0.99991552, -0.01269923, -0.00277058,  0.00343852,
         0.00268397,  0.00683216, -0.99997306, -0.00992289] 


track:
  verbose: 0
  fm_threshold: 1.0
  max_cornor_num: 200
  min_cornor_gap: 15
  track_frequency: 10

initial:
  verbose: 1
  imu_cnt: 200
  imu_dtime: 2
  imu_accl_cov: 0.1
  imu_gyro_cov: 0.1

msckf:
  verbose: 1
  noise_accl: 0.025
  noise_gyro: 0.00025
  noise_accl_bias: 0.001
  noise_gyro_bias: 0.0001
  noise_observation: 0.01225

  large_dp: 0.5
  large_dv: 0.3

  ikf_iters: 10
  sliding_window_lens: 20
  distance_threshold: 0.5
  angle_threshold: 15 # in deg
  track_threshold: 0.5

sfm:
  verbose: 1
  finetune: 1
  max_iter_cnt: 20
  max_try_cnt: 10
  max_cond_number: 20000
  min_dist: 0.1
  max_dist: 100
  converge_threshold: 5.e-7
  min_disparity_angle: 5 # in deg
  min_disparity_distance: 0.1


# save trajectory
save_trajectory: 0
save_path: "/home/ubuntu/catkin_ws/src/learn_msckf/results/trajectory.txt"
